image_width: 640
image_height: 480
camera_name: narrow_stereo
camera_matrix:
  rows: 3
  cols: 3
  data: [496.674861, 0, 338.320973, 0, 497.714531, 235.468809, 0, 0, 1]
distortion_model: plumb_bob
distortion_coefficients:
  rows: 1
  cols: 5
  data: [0.057727, -0.137708, -0.00147, 0.002837, 0]
rectification_matrix:
  rows: 3
  cols: 3
  data: [1, 0, 0, 0, 1, 0, 0, 0, 1]
projection_matrix:
  rows: 3
  cols: 4
  data: [495.249359, 0, 340.54439, 0, 0, 499.912201, 234.432532, 0, 0, 0, 1, 0]