# oST version 5.0 parameters


[image]

width
640

height
480

[narrow_stereo]

camera matrix
496.674861 0.000000 338.320973
0.000000 497.714531 235.468809
0.000000 0.000000 1.000000

distortion
0.057727 -0.137708 -0.001470 0.002837 0.000000

rectification
1.000000 0.000000 0.000000
0.000000 1.000000 0.000000
0.000000 0.000000 1.000000

projection
495.249359 0.000000 340.544390 0.000000
0.000000 499.912201 234.432532 0.000000
0.000000 0.000000 1.000000 0.000000

